"1";"russia ha expelled dutch reporter newspaper ha sai";"0.00025";"0.77661";"0.00025";"0.00025";"0.00025";"0.00025";"0.02529";"0.01528";"0.04282";"0.00025";"0.00025";"0.13048";"0.00776"
"2";"largest important event mathematical calendar take";"0.00033";"0.00033";"0.03660";"0.00692";"0.00033";"0.07287";"0.00033";"0.15199";"0.05638";"0.00033";"0.22123";"0.00363";"0.44873"
"3";"earlier today set three question russian math comp";"0.00025";"0.00025";"0.11402";"0.00767";"0.00025";"0.09671";"0.00025";"0.11650";"0.00025";"0.00025";"0.26985";"0.01509";"0.37868"
"4";"labour ha asked conservative check party ha made d";"0.00228";"0.04573";"0.00021";"0.00435";"0.16987";"0.00021";"0.00021";"0.00021";"0.00021";"0.00021";"0.00021";"0.77612";"0.00021"
"5";"russia ha hosted high profile international talk a";"0.00022";"0.24675";"0.07066";"0.00022";"0.00242";"0.00022";"0.60775";"0.00022";"0.00022";"0.00022";"0.00022";"0.07066";"0.00022"
"6";"russia may dissolve memorial country ’ premier hum";"0.00016";"0.54998";"0.00016";"0.01128";"0.04306";"0.00016";"0.00016";"0.00016";"0.00969";"0.00016";"0.03671";"0.21150";"0.13682"
"7";"russia ha accused west building force border well ";"0.00031";"0.93025";"0.02231";"0.00031";"0.00031";"0.00031";"0.00031";"0.00031";"0.00346";"0.04116";"0.00031";"0.00031";"0.00031"
"8";"germany ’ new chancellor faced pressure fellow lea";"0.02838";"0.91274";"0.00023";"0.00023";"0.00023";"0.00258";"0.00258";"0.00023";"0.01665";"0.00023";"0.02604";"0.00962";"0.00023"
"9";"nato secretary general jens stoltenberg ha caution";"0.04689";"0.90410";"0.00021";"0.00446";"0.04265";"0.00021";"0.00021";"0.00021";"0.00021";"0.00021";"0.00021";"0.00021";"0.00021"
"10";"good morning malcolm turnbull welcome climate focu";"0.04047";"0.06699";"0.00012";"0.07967";"0.04047";"0.00012";"0.00588";"0.01626";"0.49937";"0.02779";"0.05431";"0.08544";"0.08313"
"11";"swift reprisal package russia – including u troop ";"0.07472";"0.83052";"0.01460";"0.00029";"0.00029";"0.00029";"0.06900";"0.00601";"0.00029";"0.00029";"0.00029";"0.00315";"0.00029"
"12";"u say ha evidence russia ha made plan large scale ";"0.03762";"0.90043";"0.00206";"0.01890";"0.01329";"0.00019";"0.01142";"0.00019";"0.00393";"0.01142";"0.00019";"0.00019";"0.00019"
"13";"man putin ’ kill 10pm channel 4 horror absurdity j";"0.00028";"0.08260";"0.00028";"0.00028";"0.00312";"0.14221";"0.00028";"0.08544";"0.04854";"0.00028";"0.22452";"0.01731";"0.39483"
"14";"serbia ’ president aleksandar vui ha lauded tie kr";"0.11399";"0.75641";"0.00022";"0.00245";"0.00022";"0.09614";"0.01138";"0.00022";"0.00022";"0.01807";"0.00022";"0.00022";"0.00022"
"15";"foreign minister g7 group rich democracy warned ru";"0.01806";"0.80654";"0.00018";"0.00018";"0.10209";"0.01269";"0.01448";"0.00018";"0.00018";"0.00018";"0.00018";"0.04488";"0.00018"
"16";"flatbed rail wagon speeding south west russia last";"0.01118";"0.83283";"0.00016";"0.00016";"0.00016";"0.00016";"0.00645";"0.00016";"0.00331";"0.03793";"0.08988";"0.01747";"0.00016"
"17";"russia ha admitted destroying one satellite missil";"0.00029";"0.32060";"0.00029";"0.02968";"0.05025";"0.00029";"0.05613";"0.00029";"0.14428";"0.00029";"0.00029";"0.39700";"0.00029"
"18";"joe biden go tuesday ’ virtual summit vladimir put";"0.17268";"0.63549";"0.00032";"0.07692";"0.00032";"0.02905";"0.00032";"0.00032";"0.00032";"0.04820";"0.00032";"0.03543";"0.00032"
"19";"moscow authority announced weeklong closure non es";"0.00033";"0.14445";"0.81592";"0.00033";"0.01343";"0.00688";"0.01015";"0.00360";"0.00033";"0.00033";"0.00033";"0.00360";"0.00033"
"20";"russian authority threatened shutter memorial coun";"0.00048";"0.68066";"0.00048";"0.00048";"0.02460";"0.00048";"0.00048";"0.00048";"0.00048";"0.00048";"0.00048";"0.21274";"0.07767"
"21";"vladimir putin ha warned nato country deploying we";"0.00237";"0.93065";"0.00022";"0.00022";"0.00022";"0.00022";"0.04760";"0.00237";"0.00022";"0.01529";"0.00022";"0.00022";"0.00022"
"22";"natural gas market ha entered uncharted territory ";"0.54947";"0.35713";"0.00020";"0.00020";"0.00813";"0.00020";"0.00218";"0.00020";"0.00218";"0.04184";"0.03787";"0.00020";"0.00020"
"23";"russia ukraine enforcing new coronavirus restricti";"0.00221";"0.21737";"0.69395";"0.00020";"0.03841";"0.00221";"0.00020";"0.00020";"0.04042";"0.00221";"0.00020";"0.00221";"0.00020"
"24";"donald trump ha demanded pulitzer prize board resc";"0.00026";"0.05476";"0.00026";"0.41812";"0.00026";"0.00026";"0.00545";"0.00285";"0.00026";"0.00026";"0.01843";"0.45964";"0.03919"
"25";"russia ha reported record number covid death four ";"0.00029";"0.10934";"0.84910";"0.00029";"0.02387";"0.00029";"0.00029";"0.00619";"0.00029";"0.00029";"0.00324";"0.00324";"0.00324"
"26";"outgoing head uk ’ armed force ha said military re";"0.00031";"0.39558";"0.00031";"0.01587";"0.04077";"0.00031";"0.32711";"0.00031";"0.00342";"0.00031";"0.20573";"0.00654";"0.00342"
"27";"u ha said would send reinforcement nato ’ eastern ";"0.00015";"0.90251";"0.00015";"0.00015";"0.03351";"0.00015";"0.06253";"0.00015";"0.00015";"0.00015";"0.00015";"0.00015";"0.00015"
"28";"russia ha endured worst forest fire season country";"0.04774";"0.04458";"0.08568";"0.00348";"0.00032";"0.00348";"0.01296";"0.00032";"0.00032";"0.67373";"0.08568";"0.00348";"0.03825"
"29";"britain west becoming embroiled clash value russia";"0.00030";"0.42722";"0.03884";"0.00326";"0.00030";"0.00030";"0.00030";"0.00326";"0.00623";"0.00030";"0.00030";"0.51912";"0.00030"
"30";"dmitry muratov saw norwegian number flash phone as";"0.00031";"0.19951";"0.00031";"0.00031";"0.02176";"0.00031";"0.00031";"0.00031";"0.00031";"0.00031";"0.00031";"0.64389";"0.13209"
"31";"new show western unity russia china lined uk forei";"0.00022";"0.68039";"0.00022";"0.00022";"0.07066";"0.00682";"0.00462";"0.00022";"0.03104";"0.20493";"0.00022";"0.00022";"0.00022"
"32";"russia ha named local partner bellingcat investiga";"0.00448";"0.33062";"0.00856";"0.00041";"0.00041";"0.00041";"0.00041";"0.00041";"0.00041";"0.00041";"0.00041";"0.65267";"0.00041"
"33";"russian study report problem faced country ’ milit";"0.04281";"0.40532";"0.00039";"0.00039";"0.00039";"0.00039";"0.05052";"0.00039";"0.00039";"0.00424";"0.00039";"0.49402";"0.00039"
"34";"regional power see influence increase dramatically";"0.00015";"0.45489";"0.00015";"0.00305";"0.00015";"0.00015";"0.48104";"0.00015";"0.00015";"0.00015";"0.05971";"0.00015";"0.00015"
"35";"attorney represented hillary clinton ’ 2016 presid";"0.00037";"0.00037";"0.00037";"0.63535";"0.00037";"0.00037";"0.00037";"0.00037";"0.00037";"0.00037";"0.00037";"0.36056";"0.00037"
"36";"taliban captured 100 russian made helicopter vario";"0.12230";"0.14010";"0.00025";"0.00025";"0.00025";"0.00025";"0.66387";"0.00280";"0.00025";"0.00534";"0.00025";"0.06382";"0.00025"
"37";"cybercriminals russia neighbouring state behind ma";"0.09530";"0.12612";"0.00026";"0.00026";"0.06961";"0.00796";"0.01310";"0.00026";"0.01567";"0.00026";"0.00026";"0.67069";"0.00026"
"38";"russia ’ highly rated squad gold last week ’ 150 n";"0.03409";"0.00656";"0.01503";"0.00021";"0.00021";"0.25640";"0.00021";"0.33686";"0.00021";"0.00021";"0.01292";"0.00233";"0.33474"
"39";"aircraft carrying skydiver ha crashed central russ";"0.03376";"0.20019";"0.08607";"0.00048";"0.00048";"0.00048";"0.49976";"0.03376";"0.02425";"0.00048";"0.07656";"0.04327";"0.00048"
"40";"first vladimir putin came visit second day row art";"0.00014";"0.10182";"0.01303";"0.00014";"0.00014";"0.00014";"0.00014";"0.00014";"0.00014";"0.00014";"0.34384";"0.00014";"0.54003"
"41";"first vladimir putin came visit second day row art";"0.00014";"0.11757";"0.01303";"0.00014";"0.00014";"0.00014";"0.00014";"0.00014";"0.00014";"0.00014";"0.33238";"0.00587";"0.53000"
"42";"vladimir putin belarusian leader alexander lukashe";"0.10639";"0.77686";"0.00026";"0.00026";"0.00544";"0.00026";"0.02356";"0.01061";"0.00285";"0.04685";"0.01838";"0.00802";"0.00026"
"43";"senior bbc journalist expelled russia ha condemned";"0.00034";"0.43483";"0.00034";"0.00034";"0.01061";"0.00034";"0.00376";"0.00034";"0.10982";"0.00034";"0.19535";"0.24324";"0.00034"
"44";"russia expel senior bbc journalist moscow refusing";"0.00023";"0.39905";"0.02289";"0.00023";"0.05688";"0.00929";"0.02289";"0.00023";"0.00023";"0.00249";"0.00023";"0.48516";"0.00023"
"45";"security guard british embassy berlin ha arrested ";"0.02893";"0.42338";"0.01697";"0.00024";"0.00263";"0.00024";"0.05283";"0.00024";"0.00024";"0.00024";"0.03132";"0.36601";"0.07674"
"46";"mi6 become open stay secret work tech company coun";"0.00038";"0.10592";"0.00038";"0.00038";"0.00415";"0.00038";"0.00038";"0.00038";"0.06446";"0.23784";"0.00038";"0.55070";"0.03430"
"47";"german police arrested british man worked british ";"0.00037";"0.31504";"0.00037";"0.00037";"0.04793";"0.00037";"0.04061";"0.00037";"0.12111";"0.00037";"0.00037";"0.47237";"0.00037"
"48";"kremlin ’ war independent journalism russia ha esc";"0.00591";"0.32114";"0.04250";"0.00028";"0.00028";"0.00028";"0.00310";"0.00028";"0.00028";"0.00310";"0.00310";"0.61948";"0.00028"
"49";"bbc ’ moscow correspondent ha used final dispatch ";"0.00031";"0.48146";"0.00031";"0.03402";"0.00950";"0.00644";"0.14435";"0.00031";"0.00031";"0.00031";"0.08305";"0.23935";"0.00031"
"50";"world ’ energy watchdog ha called russia send gas ";"0.57421";"0.23061";"0.00035";"0.00035";"0.01098";"0.00035";"0.00035";"0.00035";"0.00035";"0.17039";"0.00744";"0.00035";"0.00390"
"51";"vladimir putin old fashioned sort guy yearns day s";"0.00264";"0.65842";"0.00024";"0.00024";"0.00024";"0.01706";"0.07230";"0.00264";"0.00024";"0.01465";"0.14437";"0.00024";"0.08672"
"52";"majority european believe new cold war way u chief";"0.05929";"0.71765";"0.11497";"0.00033";"0.00033";"0.00033";"0.00033";"0.00688";"0.00033";"0.00033";"0.00033";"0.09859";"0.00033"
"53";"right ’ stick around site report reaction thanks c";"0.00006";"0.00006";"0.00006";"0.00071";"0.00006";"0.84710";"0.00006";"0.00071";"0.00006";"0.00006";"0.14446";"0.00006";"0.00651"
"54";"russia ’ prosecutor ha suspended activity alexei n";"0.00032";"0.76807";"0.00032";"0.00032";"0.00032";"0.00032";"0.00032";"0.00032";"0.10312";"0.00996";"0.00032";"0.11597";"0.00032"
"55";"right ’ u thanks much company comment apology ’ ma";"0.00003";"0.00003";"0.00003";"0.00003";"0.00036";"0.70227";"0.00036";"0.00003";"0.00399";"0.00003";"0.24324";"0.01488";"0.03468"
"56";"iran turkey pakistan russia moved fill military di";"0.02202";"0.44302";"0.00024";"0.00508";"0.00024";"0.00024";"0.52770";"0.00024";"0.00024";"0.00024";"0.00024";"0.00024";"0.00024"
"57";"uk ha recorded 44 985 new coronavirus case 135 dea";"0.00003";"0.00003";"0.79233";"0.00003";"0.05623";"0.00149";"0.00061";"0.00003";"0.14824";"0.00003";"0.00003";"0.00032";"0.00061"
"58";"’ tonight ’ blog thanks company email surreal dist";"0.00005";"0.00005";"0.00005";"0.00005";"0.00005";"0.74982";"0.00005";"0.00005";"0.03210";"0.00005";"0.21760";"0.00005";"0.00005"
"59";"roc let ’ face retro cold war touch dripping away ";"0.00015";"0.19666";"0.00015";"0.00015";"0.00325";"0.00015";"0.00015";"0.26629";"0.00170";"0.00015";"0.37459";"0.13477";"0.02182"
"60";"second time year russia ha amassed force near bord";"0.04188";"0.93093";"0.00759";"0.00024";"0.00024";"0.00024";"0.00024";"0.00269";"0.01494";"0.00024";"0.00024";"0.00024";"0.00024"
"61";"’ done today evening summary today ’ event legitim";"0.00003";"0.03384";"0.00127";"0.07695";"0.03787";"0.00127";"0.00406";"0.00809";"0.05741";"0.64172";"0.11758";"0.01988";"0.00003"
"62";"title nod robert bresson high concept script doffs";"0.02843";"0.10160";"0.00028";"0.00028";"0.00028";"0.00028";"0.04531";"0.00028";"0.04813";"0.00028";"0.42527";"0.00028";"0.34928"
"63";"high drama heartbreak russian grand prix wa approp";"0.00400";"0.00019";"0.00019";"0.00019";"0.00019";"0.00019";"0.00019";"0.58462";"0.00971";"0.00019";"0.38093";"0.00400";"0.01542"
"64";"putting russia right tractor – byelorussia boris t";"0.10191";"0.09299";"0.02695";"0.00018";"0.00018";"0.00018";"0.01981";"0.00018";"0.00018";"0.10548";"0.13404";"0.14296";"0.37498"
"65";"russia china presented plan build joint internatio";"0.00079";"0.00079";"0.14331";"0.10372";"0.01663";"0.00079";"0.00079";"0.00079";"0.00079";"0.19082";"0.00079";"0.53919";"0.00079"
"66";"uk reported 155 death saturday people tested posit";"0.00269";"0.01796";"0.77984";"0.00335";"0.02891";"0.00003";"0.00236";"0.00003";"0.16469";"0.00003";"0.00003";"0.00003";"0.00003"
"67";"british national accused selling secret russia ext";"0.00497";"0.29417";"0.00045";"0.00045";"0.00045";"0.01853";"0.00045";"0.00045";"0.09083";"0.00045";"0.00045";"0.58789";"0.00045"
"68";"russian government ha officially deemed united sta";"0.07502";"0.67018";"0.00062";"0.00062";"0.00062";"0.00682";"0.20521";"0.00062";"0.03782";"0.00062";"0.00062";"0.00062";"0.00062"
"69";"russia ’ state gas company ha reported record earn";"0.78044";"0.03918";"0.00388";"0.00035";"0.00035";"0.00035";"0.00035";"0.00035";"0.00035";"0.16625";"0.00035";"0.00741";"0.00035"
"70";"wa feeling disbelief denmark tuesday morning reall";"0.00024";"0.00024";"0.12515";"0.00024";"0.00024";"0.49008";"0.00024";"0.00024";"0.00024";"0.00024";"0.26965";"0.09331";"0.01984"
"71";"’ samantha lock today ’ blog meantime follow along";"0.00234";"0.00003";"0.82195";"0.00003";"0.05762";"0.01768";"0.00003";"0.00003";"0.08222";"0.01189";"0.00350";"0.00263";"0.00003"
"72";"russia ha retaliated ban carrier entering belarus ";"0.00021";"0.60907";"0.00231";"0.00231";"0.14928";"0.00021";"0.21856";"0.00021";"0.00021";"0.00441";"0.00021";"0.01281";"0.00021"
"73";"new wave sanction restrictive measure belarus ’ av";"0.00277";"0.79059";"0.00025";"0.00025";"0.04556";"0.00025";"0.01284";"0.00025";"0.00025";"0.00277";"0.13869";"0.00529";"0.00025"
"74";"u work russia way combat climate crisis president ";"0.01624";"0.14653";"0.01267";"0.08049";"0.00018";"0.00018";"0.00018";"0.00375";"0.00018";"0.73728";"0.00196";"0.00018";"0.00018"
"75";"argentina ’ gamble sputnik v vaccine ha left criti";"0.05657";"0.11286";"0.63918";"0.00310";"0.00028";"0.00028";"0.01154";"0.00028";"0.00028";"0.00028";"0.00028";"0.16352";"0.01154"
"76";"world leader gathering g7 summit cornwall week loo";"0.05345";"0.30534";"0.03084";"0.01631";"0.23591";"0.00016";"0.00016";"0.00016";"0.00016";"0.35702";"0.00016";"0.00016";"0.00016"
"77";"fear growing berlin russian led cyber campaign lea";"0.00017";"0.71410";"0.01511";"0.00017";"0.00017";"0.00515";"0.00183";"0.00017";"0.00017";"0.02507";"0.00017";"0.23095";"0.00681"
"78";"mcgahn former white house counsel donald trump she";"0.00027";"0.05607";"0.00027";"0.87457";"0.00027";"0.00558";"0.00027";"0.00027";"0.00027";"0.00027";"0.01090";"0.05076";"0.00027"
"79";"jonathan steele moved moscow guardian 1988 story m";"0.00406";"0.29752";"0.02240";"0.00013";"0.00013";"0.00013";"0.05516";"0.00013";"0.00013";"0.00013";"0.30931";"0.12328";"0.18748"
"80";"one respect punitive measure imposed russia last w";"0.00024";"0.70433";"0.00024";"0.11154";"0.00024";"0.00024";"0.00024";"0.00024";"0.00024";"0.03170";"0.12122";"0.02928";"0.00024"
"81";"nato ’ secretary general ha called russia halt mil";"0.00017";"0.84147";"0.00017";"0.00017";"0.00365";"0.00017";"0.15314";"0.00017";"0.00017";"0.00017";"0.00017";"0.00017";"0.00017"
"82";"dmitry davydov self taught russian director remote";"0.00057";"0.00057";"0.00057";"0.00057";"0.00057";"0.00057";"0.00057";"0.00624";"0.00057";"0.00057";"0.45434";"0.00057";"0.53375"
"83";"russia ’ unexplained buildup along ukraine ’ borde";"0.06949";"0.67864";"0.00018";"0.00018";"0.00018";"0.00018";"0.11691";"0.00018";"0.00383";"0.05307";"0.07131";"0.00018";"0.00565"
"84";"britain wa unexpectedly embroiled diplomatic milit";"0.00024";"0.66879";"0.00969";"0.00260";"0.00024";"0.00260";"0.30971";"0.00024";"0.00024";"0.00024";"0.00024";"0.00024";"0.00496"
"85";"effort revive iran nuclear deal hauled back brink ";"0.00038";"0.86406";"0.00413";"0.09801";"0.00038";"0.00038";"0.00038";"0.03042";"0.00038";"0.00038";"0.00038";"0.00038";"0.00038"
"86";"memory memory maria stepanova fitzcarraldo edition";"0.00027";"0.04013";"0.00027";"0.00027";"0.00027";"0.00027";"0.00027";"0.00824";"0.08265";"0.00027";"0.10391";"0.13314";"0.63008"
"87";"russian authority seeking detain prominent investi";"0.00471";"0.56622";"0.00043";"0.00471";"0.00043";"0.00043";"0.00043";"0.00043";"0.00900";"0.00043";"0.00043";"0.41192";"0.00043"
"88";"u retaliate russia continues carry malicious cyber";"0.00014";"0.68994";"0.00014";"0.18601";"0.00014";"0.00427";"0.00014";"0.00014";"0.00014";"0.05934";"0.05659";"0.00014";"0.00289"
"89";"eu prepare downturn relation vladimir putin ’ russ";"0.00287";"0.85338";"0.00026";"0.00287";"0.00287";"0.00026";"0.00026";"0.00026";"0.00287";"0.09418";"0.00026";"0.03939";"0.00026"
"90";"24 hour russian state news channel thursday began ";"0.00017";"0.63329";"0.00017";"0.21459";"0.00186";"0.00017";"0.00017";"0.00017";"0.00017";"0.01030";"0.13861";"0.00017";"0.00017"
"91";"widely reputed game belligerence bellicosity woman";"0.00047";"0.49266";"0.01467";"0.00047";"0.00047";"0.00047";"0.00521";"0.39328";"0.00047";"0.00047";"0.00994";"0.06673";"0.01467"
"92";"saturday 15 may chinese state news agency xinhua r";"0.09383";"0.00085";"0.02620";"0.00085";"0.00085";"0.00085";"0.04311";"0.04311";"0.00085";"0.02620";"0.18681";"0.57566";"0.00085"
"93";"russia ha said recall many troop crimea border reg";"0.00571";"0.87447";"0.00018";"0.00018";"0.00018";"0.00387";"0.09405";"0.00018";"0.00018";"0.00018";"0.00018";"0.02043";"0.00018"
"94";"moscow ha expelled 20 czech diplomat tit tat respo";"0.00026";"0.81946";"0.00026";"0.00026";"0.00026";"0.04722";"0.00287";"0.00026";"0.02374";"0.00287";"0.00026";"0.10201";"0.00026"
"95";"’ tonight thanks reading along ’ covered federal j";"0.01064";"0.03221";"0.15285";"0.62447";"0.00004";"0.00004";"0.00004";"0.00004";"0.04866";"0.01868";"0.03221";"0.06731";"0.01283"
"96";"quiz master already enjoying christmas break left ";"0.00144";"0.00144";"0.00144";"0.10245";"0.00144";"0.04473";"0.00144";"0.27561";"0.21789";"0.00144";"0.34776";"0.00144";"0.00144"
"97";"secret european intelligence report ha concluded c";"0.00036";"0.69164";"0.00036";"0.00036";"0.00398";"0.01484";"0.00036";"0.00036";"0.00398";"0.00036";"0.02932";"0.25371";"0.00036"
"98";"russia ’ natural population ha undergone largest p";"0.19769";"0.20377";"0.43456";"0.00030";"0.00030";"0.00030";"0.00030";"0.00030";"0.03674";"0.08230";"0.00030";"0.04282";"0.00030"
"99";"thanks following along – ’ closed blog today catch";"0.00003";"0.02823";"0.77344";"0.02387";"0.03318";"0.00003";"0.00003";"0.00032";"0.14046";"0.00003";"0.00003";"0.00003";"0.00032"
"100";"usually bad news dumped late friday muscovite head";"0.00075";"0.26335";"0.00691";"0.00007";"0.00075";"0.00007";"0.00007";"0.00007";"0.02674";"0.00075";"0.19155";"0.47330";"0.03563"
"101";"russia ’ emergency minister ha died training exerc";"0.06470";"0.50738";"0.00038";"0.00795";"0.00038";"0.00038";"0.15551";"0.00038";"0.13659";"0.01551";"0.00038";"0.00038";"0.11010"
"102";"french german youtubers blogger influencers offere";"0.00030";"0.00030";"0.26531";"0.00030";"0.00030";"0.00030";"0.00030";"0.00030";"0.00030";"0.00030";"0.00640";"0.70393";"0.02163"
"103";"extent night fraught worry could provide moment po";"0.00885";"0.00022";"0.00022";"0.00022";"0.00022";"0.62616";"0.00022";"0.00022";"0.04338";"0.00022";"0.27434";"0.04554";"0.00022"
"104";"russian athlete begin competing week tokyo olympic";"0.00241";"0.38155";"0.00460";"0.00022";"0.00022";"0.02433";"0.00022";"0.28950";"0.01337";"0.00460";"0.05282";"0.22595";"0.00022"
"105";"russia took action tuesday slow speed twitter move";"0.00025";"0.39589";"0.03830";"0.00025";"0.00025";"0.00025";"0.00025";"0.00025";"0.00025";"0.00025";"0.00025";"0.56328";"0.00025"
"106";"second book french anthropologist nastassja martin";"0.00034";"0.00034";"0.00034";"0.00034";"0.00034";"0.00034";"0.03785";"0.00034";"0.05489";"0.09240";"0.38220";"0.06512";"0.36516"
"107";"france ’ senior naval commander ha said future con";"0.05229";"0.28188";"0.00019";"0.00019";"0.00019";"0.00212";"0.45360";"0.00019";"0.07158";"0.00405";"0.10245";"0.02913";"0.00212"
"108";"covid ha caused loss 28m year life according large";"0.00029";"0.00029";"0.69534";"0.00029";"0.00029";"0.02346";"0.01477";"0.17116";"0.00029";"0.08427";"0.00029";"0.00898";"0.00029"
"109";"russian diplomat lashed uk joining u condemning ru";"0.04836";"0.69757";"0.11515";"0.00294";"0.00027";"0.00027";"0.00027";"0.01363";"0.01095";"0.00027";"0.00027";"0.10980";"0.00027"
"110";"team ever deserved make progress much denmark thri";"0.00024";"0.01669";"0.00024";"0.00024";"0.00024";"0.79967";"0.00024";"0.00024";"0.00024";"0.01199";"0.16482";"0.00024";"0.00494"
"111";"earlier today set following puzzle wa challenge ru";"0.00033";"0.02341";"0.00033";"0.00363";"0.00033";"0.15199";"0.00033";"0.02341";"0.04319";"0.00033";"0.39927";"0.00033";"0.35312"
"112";"earlier month russia ’ prime minister mikhail mish";"0.02138";"0.00035";"0.04241";"0.00035";"0.08447";"0.00035";"0.00035";"0.00386";"0.00035";"0.00035";"0.36838";"0.10200";"0.37539"
"113";"’ time join daniel harris finland v russia – live ";"0.00005";"0.03014";"0.02963";"0.00306";"0.00005";"0.62985";"0.00005";"0.00005";"0.05521";"0.00005";"0.18257";"0.06925";"0.00005"
"114";"joe biden agreed sunday vladimir putin ’ latest as";"0.00018";"0.35261";"0.01283";"0.28032";"0.00560";"0.00018";"0.00199";"0.00018";"0.00018";"0.19176";"0.05802";"0.09597";"0.00018"
"115";"britain ’ foreign secretary ha joined last minute ";"0.18705";"0.64110";"0.00022";"0.01760";"0.09581";"0.00022";"0.00022";"0.00022";"0.00022";"0.05670";"0.00022";"0.00022";"0.00022"
"116";"supporter russian opposition leader alexei navalny";"0.00034";"0.67773";"0.00034";"0.04140";"0.00718";"0.00034";"0.00718";"0.00376";"0.12692";"0.00376";"0.05166";"0.07903";"0.00034"
"117";"former guantnamo detainee facing forced repatriati";"0.00021";"0.25532";"0.02129";"0.00021";"0.00021";"0.00021";"0.39448";"0.01286";"0.08876";"0.00021";"0.04659";"0.16045";"0.01919"
"118";"historian look back donald trump ’ presidency like";"0.00011";"0.28229";"0.00011";"0.35339";"0.00011";"0.00011";"0.00011";"0.00011";"0.00011";"0.00011";"0.04058";"0.32276";"0.00011"
"119";"russia china unveiled plan joint lunar space stati";"0.00034";"0.21029";"0.00034";"0.06129";"0.00034";"0.00034";"0.00034";"0.06807";"0.00034";"0.11209";"0.02066";"0.52523";"0.00034"
"120";"day police ’ engaged fight crime ’ also asked pres";"0.00018";"0.28600";"0.00018";"0.04387";"0.35882";"0.00018";"0.00018";"0.00382";"0.14400";"0.00018";"0.14036";"0.02021";"0.00200"
"121";"leading human right organisation russia released f";"0.00023";"0.41413";"0.00023";"0.00023";"0.00023";"0.00023";"0.28607";"0.00023";"0.00023";"0.00023";"0.00023";"0.29751";"0.00023"
"122";"europe entering dangerous new age instability sinc";"0.02468";"0.67622";"0.00015";"0.00015";"0.00015";"0.00015";"0.15499";"0.00015";"0.00015";"0.00169";"0.09520";"0.04308";"0.00322"
"123";"ten thousand russian city across country taken par";"0.00096";"0.31735";"0.00096";"0.00096";"0.00096";"0.02013";"0.02013";"0.01055";"0.00096";"0.01055";"0.21189";"0.40364";"0.00096"
"124";"public inquiry launched death woman killed 2018 wi";"0.00031";"0.15112";"0.03173";"0.00031";"0.31134";"0.00031";"0.00031";"0.00031";"0.40245";"0.00031";"0.00031";"0.06315";"0.03801"
"125";"appeal court netherlands ha ruled ukraine ha legal";"0.00033";"0.57975";"0.00033";"0.00033";"0.00033";"0.00033";"0.00033";"0.08691";"0.00033";"0.00033";"0.00699";"0.16017";"0.16350"
"126";"joe biden ha called vladimir putin demand de escal";"0.00020";"0.82545";"0.00020";"0.16248";"0.00020";"0.00218";"0.00416";"0.00020";"0.00020";"0.00020";"0.00416";"0.00020";"0.00020"
"127";"november 1974 brian griffin flew luton airport mos";"0.00047";"0.06142";"0.00047";"0.00516";"0.00047";"0.01922";"0.10830";"0.00047";"0.03329";"0.00047";"0.19269";"0.03797";"0.53962"
"128";"antony blinken u secretary state uk foreign secret";"0.00025";"0.56074";"0.00025";"0.00025";"0.04844";"0.00025";"0.16764";"0.00025";"0.00025";"0.21836";"0.00279";"0.00025";"0.00025"
"129";"’ stopped fight regime say garry kasparov word bri";"0.02117";"0.17398";"0.00014";"0.00014";"0.00014";"0.04921";"0.00575";"0.00294";"0.00014";"0.00294";"0.46418";"0.06323";"0.21604"
"130";"russia braced second weekend unrest kremlin crack ";"0.00025";"0.75787";"0.00277";"0.00025";"0.00025";"0.00025";"0.00025";"0.00025";"0.00529";"0.00025";"0.08331";"0.14624";"0.00277"
"131";"kremlin ha broken silence russia ’ biggest opposit";"0.01252";"0.78206";"0.00021";"0.00021";"0.00021";"0.00021";"0.00021";"0.00021";"0.07203";"0.00021";"0.06382";"0.06793";"0.00021"
"132";"month hungarian bookshop chain wa fined selling ch";"0.01513";"0.01513";"0.00025";"0.09943";"0.00025";"0.00025";"0.00025";"0.00025";"0.07959";"0.00025";"0.12670";"0.41929";"0.24324"
"133";"european court human right ha told russia free ale";"0.00044";"0.65156";"0.00044";"0.04004";"0.00044";"0.00044";"0.00044";"0.00044";"0.00044";"0.00044";"0.00924";"0.29520";"0.00044"
"134";"minister relying outdated energy security policy l";"0.61318";"0.16330";"0.00035";"0.00744";"0.00035";"0.00390";"0.00035";"0.00035";"0.01098";"0.15622";"0.00035";"0.04286";"0.00035"
"135";"tehran washington right track come back compliance";"0.11184";"0.73320";"0.00025";"0.00025";"0.00025";"0.00025";"0.00025";"0.00025";"0.00025";"0.15242";"0.00025";"0.00025";"0.00025"
"136";"energy charter treaty ect wa signed 1994 protect i";"0.15903";"0.23476";"0.01118";"0.00036";"0.00036";"0.00036";"0.00036";"0.00397";"0.00036";"0.18788";"0.01118";"0.38983";"0.00036"
"137";"u president joe biden ha unveiled multinational pl";"0.01820";"0.01376";"0.02708";"0.15135";"0.00932";"0.00044";"0.00932";"0.00044";"0.00044";"0.71061";"0.00044";"0.05814";"0.00044"
"138";"united state european delegation un security counc";"0.00019";"0.78301";"0.00019";"0.00019";"0.00019";"0.00779";"0.20730";"0.00019";"0.00019";"0.00019";"0.00019";"0.00019";"0.00019"
"139";"joe biden ’ accession u presidency ha spawned huge";"0.04465";"0.64585";"0.00019";"0.04659";"0.01759";"0.01179";"0.00213";"0.00019";"0.03306";"0.00019";"0.00019";"0.19737";"0.00019"
"140";"wrap today ’ blog samantha lock ’ miss thing follo";"0.00003";"0.00003";"0.61424";"0.02053";"0.03866";"0.00003";"0.00033";"0.00003";"0.26657";"0.00003";"0.05946";"0.00003";"0.00003"
"141";"angela merkel ha asked vladimir putin intervene cr";"0.00018";"0.79354";"0.00018";"0.00018";"0.00201";"0.00018";"0.19168";"0.00018";"0.00018";"0.01113";"0.00018";"0.00018";"0.00018"
"142";"russian opposition politician alexei navalny ha de";"0.00017";"0.83249";"0.00366";"0.00366";"0.00017";"0.00017";"0.03848";"0.00017";"0.00017";"0.00017";"0.11510";"0.00540";"0.00017"
"143";"good morning barack obama ha called world leader s";"0.00012";"0.00012";"0.10134";"0.33375";"0.00012";"0.00012";"0.00012";"0.00012";"0.05385";"0.15757";"0.12633";"0.15632";"0.07010"
"144";"wife jailed russian opposition leader alexei naval";"0.00033";"0.88649";"0.00033";"0.01693";"0.00033";"0.00033";"0.00033";"0.00365";"0.00033";"0.00365";"0.07999";"0.00033";"0.00697"
"145";"switching world ’ largest carbon capture storage p";"0.00031";"0.06256";"0.00342";"0.00031";"0.00031";"0.00031";"0.02832";"0.00031";"0.00031";"0.86555";"0.03766";"0.00031";"0.00031"
"146";"joe biden ’ meeting vladimir putin geneva looked l";"0.00019";"0.55090";"0.02058";"0.00204";"0.00946";"0.00019";"0.00389";"0.00019";"0.00019";"0.23938";"0.13555";"0.03171";"0.00575"
"147";"joe biden said monday far ha evidence cyber attack";"0.12993";"0.06155";"0.01596";"0.29651";"0.00193";"0.00018";"0.00018";"0.00544";"0.00368";"0.01070";"0.00018";"0.47186";"0.00193"
"148";"barack obama ha called world leader step step aver";"0.00039";"0.04281";"0.00039";"0.11223";"0.00039";"0.00039";"0.00039";"0.00039";"0.00039";"0.67528";"0.16622";"0.00039";"0.00039"
"149";"january alexei navalny boarded flight moscow russi";"0.00013";"0.49994";"0.00013";"0.00141";"0.01675";"0.00013";"0.00141";"0.00013";"0.00141";"0.00013";"0.10750";"0.20337";"0.16758"
"150";"last decade ’ covered many protest vladimir putin ";"0.00687";"0.35254";"0.00022";"0.00022";"0.00022";"0.00022";"0.00022";"0.00022";"0.10437";"0.00022";"0.52094";"0.00022";"0.01352"
"151";"ally alexei navalny called supporter stage mass pr";"0.00021";"0.72433";"0.12937";"0.00021";"0.00656";"0.00656";"0.00021";"0.00868";"0.00868";"0.00021";"0.05950";"0.05526";"0.00021"
"152";"’ tale chest puffing courage one dimensional heroi";"0.00049";"0.03015";"0.00049";"0.00049";"0.00049";"0.00049";"0.12902";"0.00049";"0.00049";"0.00049";"0.47009";"0.00049";"0.36629"
"153";"simmering tension board unexpected drama magnus ca";"0.00020";"0.03270";"0.00020";"0.00020";"0.00020";"0.00427";"0.00223";"0.21958";"0.00020";"0.00020";"0.35771";"0.12817";"0.25411"
"154";"u face uphill task presenting chief guardian globa";"0.08985";"0.35873";"0.00022";"0.06072";"0.02711";"0.04056";"0.00022";"0.00022";"0.00022";"0.31840";"0.00022";"0.10329";"0.00022"
"155";"may coincidence russia wa piling military pressure";"0.00016";"0.62226";"0.01295";"0.00656";"0.00016";"0.00016";"0.01935";"0.00016";"0.00016";"0.00016";"0.20646";"0.01455";"0.11690"
"156";"controversial new south wale government investment";"0.28169";"0.00022";"0.00022";"0.00022";"0.01986";"0.00022";"0.00022";"0.00022";"0.28169";"0.23369";"0.00022";"0.18132";"0.00022"
"157";"ian nepomniachtchi ’ feat qualifying magnus carlse";"0.01021";"0.09363";"0.00014";"0.01021";"0.00014";"0.13390";"0.00014";"0.43593";"0.00014";"0.00014";"0.00014";"0.00014";"0.31512"
"158";"day india started coronavirus vaccination amit meh";"0.00161";"0.00161";"0.62542";"0.00015";"0.00015";"0.00015";"0.00015";"0.00015";"0.03097";"0.21885";"0.08381";"0.03684";"0.00015"
"159";"donald trump heard fiona hill wa publishing memoir";"0.09125";"0.00021";"0.00021";"0.20091";"0.01469";"0.00021";"0.05814";"0.00021";"0.05193";"0.02297";"0.21953";"0.06849";"0.27126"
"160";"vladimir putin ha first time said wa inoculated ru";"0.00022";"0.42042";"0.45308";"0.00022";"0.00022";"0.00022";"0.00893";"0.00022";"0.00022";"0.00022";"0.06771";"0.04812";"0.00022"
"161";"day india started coronavirus vaccination amit meh";"0.00015";"0.00015";"0.64010";"0.00015";"0.00308";"0.00015";"0.00015";"0.00015";"0.02803";"0.17481";"0.07941";"0.07354";"0.00015"
"162";"germany ha suspended approval process controversia";"0.66808";"0.30675";"0.00025";"0.00274";"0.01769";"0.00025";"0.00025";"0.00025";"0.00274";"0.00025";"0.00025";"0.00025";"0.00025"
"163";"new focus hypersonic glider weapon reportedly succ";"0.00021";"0.60237";"0.00866";"0.05092";"0.00021";"0.00444";"0.00232";"0.00021";"0.03824";"0.09740";"0.06993";"0.12487";"0.00021"
"164";"uk far alone energy crisis across europe governmen";"0.63362";"0.19324";"0.00020";"0.00020";"0.00020";"0.00020";"0.00020";"0.00020";"0.00020";"0.16911";"0.00020";"0.00221";"0.00020"
"165";"travel company expedia ha stopped selling holiday ";"0.03210";"0.00040";"0.11930";"0.00040";"0.02418";"0.00040";"0.00832";"0.00040";"0.25406";"0.00040";"0.10345";"0.25010";"0.20650"
"166";"ten thousand alexei navalny supporter protested ac";"0.00182";"0.83281";"0.00017";"0.00182";"0.00017";"0.00017";"0.00017";"0.00017";"0.00017";"0.00182";"0.10259";"0.05799";"0.00017"
"167";"russia committed series human right violation war ";"0.00018";"0.75022";"0.00018";"0.00018";"0.00018";"0.00018";"0.13543";"0.00018";"0.00193";"0.00018";"0.00018";"0.11084";"0.00018"
"168";"receding hairline sporting plaid blazer man late 3";"0.01872";"0.05775";"0.00009";"0.00009";"0.00009";"0.00009";"0.00186";"0.00009";"0.00009";"0.00630";"0.20323";"0.02670";"0.68491"
"169";"today far coronavirus ha killed least 3 972 934 pe";"0.00258";"0.02100";"0.84552";"0.00003";"0.04650";"0.00003";"0.00003";"0.01646";"0.06633";"0.00145";"0.00003";"0.00003";"0.00003"
"170";"sun jonas eika translated sherilyn nicolette hellb";"0.02097";"0.00026";"0.02615";"0.00026";"0.00026";"0.00026";"0.00026";"0.00026";"0.00026";"0.00802";"0.38856";"0.02873";"0.52576"
"171";"u embassy moscow could stop performing function ne";"0.05213";"0.50179";"0.00040";"0.00040";"0.00040";"0.00040";"0.37843";"0.00040";"0.00040";"0.02427";"0.04019";"0.00040";"0.00040"
"172";"analysis total carbon dioxide emission country sin";"0.00015";"0.00015";"0.00015";"0.00462";"0.02999";"0.00015";"0.00313";"0.00164";"0.00015";"0.92511";"0.02551";"0.00910";"0.00015"
"173";"husband wife design duo alexander kozlov anastasia";"0.00019";"0.00019";"0.00019";"0.00019";"0.00019";"0.00019";"0.00019";"0.00019";"0.00019";"0.00208";"0.47908";"0.06455";"0.45258"
"174";"uk country commit long term place afghanistan tony";"0.02781";"0.09832";"0.00431";"0.00039";"0.00823";"0.00039";"0.55660";"0.00039";"0.00039";"0.06306";"0.23933";"0.00039";"0.00039"
"175";"forest least 10 unesco world heritage site become ";"0.00030";"0.00325";"0.02690";"0.00030";"0.00030";"0.00030";"0.00030";"0.00030";"0.00325";"0.91369";"0.00030";"0.05055";"0.00030"
"176";"half mile away bab al hawa border crossing connect";"0.03030";"0.13000";"0.01587";"0.00275";"0.00013";"0.00931";"0.61406";"0.00013";"0.10376";"0.05785";"0.03555";"0.00013";"0.00013"
"177";"relation world ’ great power tenser ever since col";"0.00018";"0.48249";"0.00018";"0.00018";"0.16156";"0.00018";"0.20924";"0.00018";"0.00018";"0.05520";"0.06437";"0.02586";"0.00018"
"178";"russia tried influence 2020 u presidential electio";"0.00028";"0.24156";"0.00028";"0.51121";"0.00028";"0.00312";"0.00028";"0.00028";"0.00028";"0.00028";"0.00880";"0.23020";"0.00312"
"179";"joe biden returned u pre dawn gloom wednesday clim";"0.00016";"0.06439";"0.00016";"0.24142";"0.00016";"0.00016";"0.00016";"0.00016";"0.00016";"0.65189";"0.04089";"0.00016";"0.00016"
"180";"h5n8 strain bird flu ha detected human first time ";"0.00043";"0.00043";"0.47192";"0.00043";"0.00043";"0.00043";"0.00043";"0.00043";"0.38620";"0.00043";"0.00043";"0.03472";"0.10330"
"181";"closing blog thanks following see coronavirus cove";"0.00063";"0.00003";"0.63585";"0.00003";"0.02655";"0.01433";"0.00003";"0.00003";"0.25090";"0.00003";"0.00063";"0.07094";"0.00003"
"182";"strain one anthem give way hybrid version another ";"0.03496";"0.07431";"0.00009";"0.00009";"0.00009";"0.22454";"0.03049";"0.00009";"0.00098";"0.00009";"0.24063";"0.29876";"0.09488"
"183";"russian former journalist held seven month treason";"0.00370";"0.47460";"0.00034";"0.00034";"0.07097";"0.00034";"0.00034";"0.00034";"0.02052";"0.00034";"0.04070";"0.38715";"0.00034"
"184";"blog closed follow coronavirus coverage auckland n";"0.00526";"0.00003";"0.73382";"0.06925";"0.03755";"0.01806";"0.00003";"0.00003";"0.10502";"0.00003";"0.02999";"0.00061";"0.00032"
"185";"future looked unspeakably grim alexei navalny ’ su";"0.00016";"0.67075";"0.00016";"0.02876";"0.03194";"0.00016";"0.00016";"0.00016";"0.00652";"0.00016";"0.17813";"0.00016";"0.08279"
"186";"good morning poorer country demanding richer natio";"0.02329";"0.02715";"0.00142";"0.05288";"0.00013";"0.00013";"0.05159";"0.00270";"0.45041";"0.24585";"0.02972";"0.06960";"0.04516"
"187";"global energy market facing perfect storm demand e";"0.66473";"0.07245";"0.06716";"0.01780";"0.00018";"0.00194";"0.00018";"0.00018";"0.00018";"0.17469";"0.00018";"0.00018";"0.00018"
"188";"closing live blog read full story thank reading al";"0.00169";"0.12334";"0.03311";"0.07017";"0.00008";"0.00008";"0.00975";"0.00008";"0.00008";"0.04278";"0.07822";"0.57851";"0.06211"
"189";"thanks following along – blog closed catch latest ";"0.04339";"0.01966";"0.69203";"0.01292";"0.04515";"0.00003";"0.00003";"0.00003";"0.15413";"0.00003";"0.00003";"0.03050";"0.00208"
"190";"joe biden delivered remark russia comment come hou";"0.00673";"0.13073";"0.14109";"0.71020";"0.00003";"0.00034";"0.00643";"0.00003";"0.00338";"0.00094";"0.00003";"0.00003";"0.00003"
"191";"joe biden delivered remark russia comment come hou";"0.01191";"0.15998";"0.10423";"0.69497";"0.00003";"0.00003";"0.00673";"0.00491";"0.01587";"0.00064";"0.00034";"0.00003";"0.00034"
"192";"chief mi5 warn activity china russia hostile state";"0.10213";"0.23576";"0.01941";"0.00032";"0.12759";"0.00032";"0.01623";"0.00032";"0.00350";"0.04804";"0.01623";"0.42984";"0.00032"
"193";"russian analyst wa main source christopher steele ";"0.00023";"0.08199";"0.00023";"0.44538";"0.00023";"0.00023";"0.00023";"0.00023";"0.00023";"0.00023";"0.00023";"0.47036";"0.00023"
"194";"european sanction russia may announced next week e";"0.00021";"0.83508";"0.00021";"0.00021";"0.00021";"0.00432";"0.00021";"0.00021";"0.00021";"0.05161";"0.10508";"0.00021";"0.00226"
"195";"uk ’ energy system ha plunged chaos perfect storm ";"0.81784";"0.07891";"0.00444";"0.00014";"0.00014";"0.00014";"0.00014";"0.00014";"0.00014";"0.09752";"0.00014";"0.00014";"0.00014"
"196";"china ’ factory activity ha shrunk unexpectedly am";"0.91746";"0.07566";"0.00033";"0.00033";"0.00360";"0.00033";"0.00033";"0.00033";"0.00033";"0.00033";"0.00033";"0.00033";"0.00033"
"197";"russia fired missile one satellite weekend explosi";"0.00343";"0.03778";"0.15017";"0.00031";"0.00031";"0.00031";"0.00031";"0.00656";"0.00031";"0.09710";"0.21574";"0.48736";"0.00031"
"198";"craig unger ’ new book ha already made headline ne";"0.00017";"0.00876";"0.00017";"0.16160";"0.00017";"0.00017";"0.00017";"0.00017";"0.02765";"0.00017";"0.18221";"0.26979";"0.34879"
"199";"russia ’ sputnik v vaccine ha yet win eu regulator";"0.01163";"0.38823";"0.41817";"0.00012";"0.00012";"0.00587";"0.00012";"0.00012";"0.00012";"0.00012";"0.05770";"0.11759";"0.00012"
"200";"russian head poll beginning friday parliamentary e";"0.02796";"0.59905";"0.00416";"0.14694";"0.09538";"0.00020";"0.00020";"0.00020";"0.02201";"0.00020";"0.02796";"0.07555";"0.00020"
"201";"joe biden ha phoned leader ukraine nine eastern eu";"0.00020";"0.85206";"0.00020";"0.00020";"0.00216";"0.01200";"0.09856";"0.00020";"0.00020";"0.00020";"0.03364";"0.00020";"0.00020"
"202";"vladimir putin personally authorised secret spy ag";"0.00009";"0.46353";"0.00009";"0.17212";"0.01062";"0.00009";"0.00009";"0.00009";"0.00009";"0.00009";"0.06328";"0.28974";"0.00009"
"203";"’ recap joe biden visited small black owned union ";"0.00308";"0.09509";"0.01008";"0.68735";"0.00003";"0.00003";"0.00003";"0.00003";"0.02989";"0.01831";"0.03324";"0.12159";"0.00125"
"204";"italian prime minister mario draghi belief close g";"0.06223";"0.21821";"0.04154";"0.00334";"0.00016";"0.00016";"0.54926";"0.00016";"0.00016";"0.12430";"0.00016";"0.00016";"0.00016"
"205";"seemed wale ’ hope qualifying world cup danger dri";"0.01138";"0.02253";"0.00022";"0.00022";"0.00022";"0.82333";"0.00692";"0.00022";"0.00022";"0.00022";"0.13406";"0.00022";"0.00022"
"206";"release today first part intergovernmental panel c";"0.01880";"0.00391";"0.00019";"0.00019";"0.00019";"0.00019";"0.00019";"0.00019";"0.10813";"0.80421";"0.00019";"0.06160";"0.00205"
"207";"u food drug administration fda authorised pfizerbi";"0.00003";"0.00879";"0.80452";"0.00003";"0.02544";"0.00003";"0.00003";"0.00003";"0.11863";"0.00003";"0.01376";"0.02340";"0.00529"
"208";"joe biden russian president vladimir putin held vi";"0.01576";"0.39388";"0.00062";"0.53189";"0.00033";"0.00003";"0.01902";"0.00359";"0.00003";"0.00003";"0.00003";"0.03475";"0.00003"
"209";"robert page wale manager ha questioned uefa ’ deci";"0.04527";"0.06023";"0.00037";"0.00037";"0.06023";"0.62888";"0.12757";"0.00037";"0.00037";"0.00037";"0.06397";"0.01160";"0.00037"
"210";"vladimir putin ha told boris johnson want immediat";"0.00019";"0.92244";"0.00019";"0.00019";"0.00019";"0.00019";"0.00019";"0.00019";"0.00019";"0.05615";"0.00984";"0.00019";"0.00984"
"211";"british police involved case british embassy emplo";"0.00028";"0.35357";"0.00580";"0.00028";"0.24593";"0.00028";"0.00028";"0.00028";"0.03616";"0.00028";"0.01132";"0.34529";"0.00028"
"212";"coolly furious essay published book form 1968 hugh";"0.00014";"0.06244";"0.00014";"0.00014";"0.00014";"0.00297";"0.00014";"0.00014";"0.00014";"0.00014";"0.33569";"0.15164";"0.44613"
